(75,5873)
(95,5149) (64,5079)
(17,4432) (47,4430) (82,4491)
(18,3765) (35,3808) (87,3906) (10,3807)
(20,3301) (4,3158)  (82,3331) (47,3304) (65,3259)
(19,2779) (1,2712)  (23,2716) (75,2816) (3,2766)  (34,2817)
(88,2382) (2,2210)  (77,2274) (73,2283) (7,2325)  (63,2389) (67,2440)
(99,1878) (65,1832) (4,1773)  (28,1864) (6,1867)  (16,1951) (70,2046) (92,1850)
(41,1345) (41,1416) (26,1397) (56,1440) (83,1521) (40,1500) (80,1671) (70,1523) (33,1371)
(41,1044) (48,982)  (72,1046) (33,1068) (47,1125) (32,1160) (37,1236) (16,1218) (94,1136) (29,904)
(53,763)  (71,722)  (44,653)  (65,743)  (25,809)  (43,847)  (91,936)  (52,863)  (97,901)  (51,702) (14,597)
(70,556)  (11,482)  (33,441)  (28,422)  (77,517)  (73,578)  (17,655)  (78,600)  (39,562)  (68,561) (17,424) (57,432)
(91,384)  (71,328)  (52,272)  (38,254)  (17,261)  (14,311)  (91,429)  (43,410)  (58,351)  (50,319) (27,334) (29,273) (48,206)
(63,129)  (66,226)  (4,129)   (68,118)  (89,121)  (53,132)  (67,235)  (30,201)  (73,239)  (16,147) (69,160) (87,200) (40,104) (31,58)
(4,4)     (62,62)   (98,98)   (27,27)   (23,23)   (9,9)     (70,70)   (98,98)   (73,73)   (93,93)  (38,38)  (53,53)  (60,60)  (4,4)   (23,23)
